state={
	id=1073
	name="STATE_1073"
	provinces={
		13639 13655 13698 13701 13702 13703 13710 13712 13713 13714 13715 13717 13719 13721 13723 13728 13734 13735 13737 13739 13742 13749 13750 13752 13757 13758 13761 13762 13766 13767 13773 13774 13782 13783 13784 13785 13788 13793 13794 13798 13809 13814 13815 13819 13821 13824 13825 13826 13833 13836 13840 13841 13843 13846 13851 13853 13857 13858 13870 13881 13882 13888 13895 13899 13902 13905 13910 13913 13916 13918 13922 13926 13930 13935 13937 
	}

	history = {
		owner = RNO
		add_core_of = RNO

		buildings = {
			infrastructure = 0
		}
	}

	manpower=2
	buildings_max_level_factor=1
	local_supplies=0

	state_category = pastoral
}
